2603.30040
2603.30030
2603.30014
2603.29999
2603.29997
2603.29993
2603.29975
2603.29957
2603.29937
2603.29929
2603.29928
2603.29919
2603.29908
2603.29902
2603.29901
2603.29892
2603.29871
2603.29846
2603.29844
2603.29828
2603.29813
2603.29778
2603.29765
2603.29759
2603.29709
2603.29698
2603.29677
2603.29676
2603.29672
2603.29665
2603.29640
2603.29632
2603.29631
2603.29624
2603.29623
2603.29598
2603.29570
2603.29559
2603.29537
2603.29520
2603.29517
2603.29501
2603.29477
2603.29467
2603.29466
2603.29429
2603.29406
2603.29405
2603.29399
2603.29396
2603.29378
2603.29373
2603.29367
2603.29357
2603.29345
2603.29336
2603.29332
2603.29328
2603.29318
2603.29292
2603.29289
2603.29247
2603.29232
2603.29231
2603.29222
2603.29219
2603.29217
2603.29216
2603.29199
2603.29186
2603.29148
2603.29140
2603.29139
2603.29122
2603.29118
2603.29114
2603.29113
2603.29112
2603.29109
2603.29093
2603.29088
2603.29078
2603.29067
2603.29056
2603.29052
2603.29042
2603.29038
2603.29032
2603.29029
2603.29026
2603.29025
2603.29020
2603.29013
2603.29010
2603.29002
2603.28998
2603.28986
2603.28972
2603.28963
2603.28955
2603.28929
2603.28914
2603.28906
2603.28902
2603.28858
2603.28765
2603.28737
2603.28735
2603.28731
2603.28727
2603.28708
2603.28707
2603.28686
2603.28677
2603.28673
2603.28662
2603.28653
2603.28652
2603.28637
2603.28622
2603.28613
2603.28610
2603.28592
2603.28590
2603.28575
2603.28558
2603.28533
2603.28532
2603.28515
2603.28498
2603.28488
2603.28474
2603.28455
2603.28452
2603.28417
2603.28407
2603.28394
2603.28386
2603.28381
2603.28378
2603.28345
2603.28342
2603.28334
2603.28300
2603.28295
2603.28288
2603.28282
2603.28260
2603.28248
2603.28246
2603.28233
2603.28203
2603.28191
2603.28183
2603.28173
2603.28135
2603.28130
2603.28103
2603.28052
2603.28046
2603.28040
2603.28032
2603.28163
2603.28119
2603.28060
2603.28005
2603.27991
2603.27982
2603.27958
2603.27949
2603.27942
2603.27922
2603.27910
2603.27880
2603.28002
2603.28001
2603.27946
2603.27914
2603.27896
2603.27895
2604.01221
2604.01212
2604.01202
2604.01195
2604.01193
2604.01179
2604.01170
2604.01168
2604.01167
2604.01151
2604.01128
2604.01118
2604.01108
2604.01083
2604.01007
2604.00986
2604.00938
2604.00920
2604.00913
2604.00892
2604.00890
2604.00886
2604.00842
2604.00819
2604.00770
2604.00698
2604.00694
2604.00688
2604.00666
2604.00613
2604.00594
2604.00568
2604.00550
2604.00547
2604.00537
2604.00513
2604.00455
2604.00445
2604.00442
2604.00438
2604.00394
2604.00387
2604.00356
2604.00314
2604.00291
2604.00284
2604.00281
2604.00279
2604.00265
2604.00239
2604.00131
2604.00130
2603.27877
2603.27862
2603.27838
2603.27836
2603.27768
2603.27716
2603.27694
2604.00043
2603.27646
2603.27626
2603.28824
2603.27557
2603.28823
2603.27533
2603.27529
2603.27517
2603.27494
2603.27490
2603.27476
2603.27469
2603.27448
2603.27438
2603.27416
2603.27415
2603.27406
2603.27389
2603.27349
2603.27346
2604.01210
2604.01148
2604.01147
2604.01132
2604.01110
2604.01079
2604.01072
2604.01052
2604.01029
2604.01000
2604.00936
2604.00917
2604.00885
2604.00851
2604.00824
2604.00787
2604.00785
2604.00736
2604.00730
2604.00724
2604.00704
2604.00702
2604.00687
2604.00657
2604.00600
2604.00560
2604.00555
2604.00510
2604.00491
2604.00458
2604.00436
2604.00422
2604.00392
2604.00377
2604.00368
2604.00317
2604.00299
2604.00280
2604.00275
2604.00235
2604.00222
2604.00189
2604.00171
2604.00167
2604.00151
2604.00137
2604.00120
2604.00112
2604.00080
2604.00079
2604.00073
2604.00053
2604.00046
2603.27863
2603.27850
2603.27830
2603.27752
2603.27745
2603.27735
2603.27691
2603.27643
2603.27624
2603.27569
2603.27565
2603.27552
2603.27549
2603.27524
2603.27423
2603.27420
2603.27355
2604.02330
2604.02288
2604.02279
2604.02236
2604.02217
2604.02215
2604.02209
2604.02207
2604.02178
2604.02174
2604.02171
2604.02155
2604.02135
2604.02118
2604.02113
2604.02071
2604.02051
2604.02031
2604.02028
2604.02022
2604.01988
2604.01966
2604.01957
2604.01941
2604.01929
2604.01925
2604.01916
2604.01904
2604.01841
2604.01840
2604.01754
2604.01738
2604.01733
2604.01687
2604.01681
2604.01671
2604.01669
2604.01661
2604.01658
2604.01657
2604.01647
2604.01637
2604.01634
2604.01624
2604.01622
2604.01612
2604.01610
2604.01609
2604.01600
2604.01588
2604.01579
2604.01532
2604.01487
2604.01483
2604.01480
2604.01476
2604.01463
2604.01443
2604.01438
2604.01418
2604.01375
2604.01371
2604.01366
2604.01354
2604.01346
2604.01344
2604.01339
2604.01325
2604.01306
2604.01280
2604.01268
2604.01241
2604.02278
2604.02205
2604.02192
2604.02158
2604.02134
2604.02131
2604.02106
2604.02079
2604.02077
2604.02039
2604.01977
2604.01954
2604.01905
2604.01851
2604.01849
2604.01811
2604.01799
2604.01762
2604.01759
2604.01732
2604.01680
2604.01676
2604.01621
2604.01615
2604.01607
2604.01554
2604.01527
2604.01522
2604.01518
2604.01508
2604.01496
2604.01494
2604.01489
2604.01442
2604.01437
2604.01426
2604.01397
2604.01395
2604.01393
2604.01302
2604.01240
